{
    "asset": {
        "version": "2.0"
    },
    "scene": 0,
    "scenes": [
        {
            "nodes": [
                0
            ]
        }
    ],
    "nodes": [
        {
            "children": [
                1,
                78,
                80,
                82,
                84,
                160,
                162,
                164,
                166,
                168,
                169,
                172,
                174,
                176,
                177,
                179,
                181,
                183,
                185,
                187,
                189,
                191,
                193,
                195,
                197,
                199,
                201,
                202,
                204,
                206,
                208,
                210,
                212,
                214,
                216,
                218,
                220,
                222,
                224,
                226,
                228
            ],
            "matrix": [
                0.001,
                0,
                0,
                0,
                0,
                0.001,
                0,
                0,
                0,
                0,
                0.001,
                0,
                0,
                0,
                0,
                1
            ],
            "name": "MT-20-100H",
            "extras": {
                "Dtk_PrototypeID": 1
            }
        },
        {
            "children": [
                2,
                3,
                4,
                5,
                6,
                7,
                8,
                9,
                10,
                11,
                12,
                13,
                14,
                15,
                16,
                17,
                18,
                19,
                20,
                21,
                22,
                23,
                24,
                25,
                26,
                27,
                28,
                29,
                30,
                31,
                32,
                33,
                34,
                35,
                36,
                37,
                38,
                39,
                40,
                41,
                42,
                43,
                44,
                45,
                46,
                47,
                48,
                49,
                50,
                51,
                52,
                53,
                54,
                55,
                56,
                57,
                58,
                59,
                60,
                61,
                62,
                63,
                64,
                65,
                66,
                67,
                68,
                69,
                70,
                71,
                72,
                73,
                74,
                75,
                76,
                77
            ],
            "matrix": [
                0.2758443171,
                -0.6982363653,
                0.6605875347,
                0,
                -0.9519726005,
                -0.293465367,
                0.08732838212,
                0,
                0.1328837112,
                -0.6529502711,
                -0.7456526421,
                0,
                26.60232258,
                79.97076851,
                -7.307215312,
                1
            ],
            "name": "LHT-20-120-1",
            "extras": {
                "Dtk_PrototypeID": 3
            }
        },
        {
            "mesh": 0,
            "name": "Mesh"
        },
        {
            "mesh": 1,
            "name": "Mesh"
        },
        {
            "mesh": 2,
            "name": "Mesh"
        },
        {
            "mesh": 3,
            "name": "Mesh"
        },
        {
            "mesh": 4,
            "name": "Mesh"
        },
        {
            "mesh": 5,
            "name": "Mesh"
        },
        {
            "mesh": 6,
            "name": "Mesh"
        },
        {
            "mesh": 7,
            "name": "Mesh"
        },
        {
            "mesh": 8,
            "name": "Mesh"
        },
        {
            "mesh": 9,
            "name": "Mesh"
        },
        {
            "mesh": 10,
            "name": "Mesh"
        },
        {
            "mesh": 11,
            "name": "Mesh"
        },
        {
            "mesh": 12,
            "name": "Mesh"
        },
        {
            "mesh": 13,
            "name": "Mesh"
        },
        {
            "mesh": 14,
            "name": "Mesh"
        },
        {
            "mesh": 15,
            "name": "Mesh"
        },
        {
            "mesh": 16,
            "name": "Mesh"
        },
        {
            "mesh": 17,
            "name": "Mesh"
        },
        {
            "mesh": 18,
            "name": "Mesh"
        },
        {
            "mesh": 19,
            "name": "Mesh"
        },
        {
            "mesh": 20,
            "name": "Mesh"
        },
        {
            "mesh": 21,
            "name": "Mesh"
        },
        {
            "mesh": 22,
            "name": "Mesh"
        },
        {
            "mesh": 23,
            "name": "Mesh"
        },
        {
            "mesh": 24,
            "name": "Mesh"
        },
        {
            "mesh": 25,
            "name": "Mesh"
        },
        {
            "mesh": 26,
            "name": "Mesh"
        },
        {
            "mesh": 27,
            "name": "Mesh"
        },
        {
            "mesh": 28,
            "name": "Mesh"
        },
        {
            "mesh": 29,
            "name": "Mesh"
        },
        {
            "mesh": 30,
            "name": "Mesh"
        },
        {
            "mesh": 31,
            "name": "Mesh"
        },
        {
            "mesh": 32,
            "name": "Mesh"
        },
        {
            "mesh": 33,
            "name": "Mesh"
        },
        {
            "mesh": 34,
            "name": "Mesh"
        },
        {
            "mesh": 35,
            "name": "Mesh"
        },
        {
            "mesh": 36,
            "name": "Mesh"
        },
        {
            "mesh": 37,
            "name": "Mesh"
        },
        {
            "mesh": 38,
            "name": "Mesh"
        },
        {
            "mesh": 39,
            "name": "Mesh"
        },
        {
            "mesh": 40,
            "name": "Mesh"
        },
        {
            "mesh": 41,
            "name": "Mesh"
        },
        {
            "mesh": 42,
            "name": "Mesh"
        },
        {
            "mesh": 43,
            "name": "Mesh"
        },
        {
            "mesh": 44,
            "name": "Mesh"
        },
        {
            "mesh": 45,
            "name": "Mesh"
        },
        {
            "mesh": 46,
            "name": "Mesh"
        },
        {
            "mesh": 47,
            "name": "Mesh"
        },
        {
            "mesh": 48,
            "name": "Mesh"
        },
        {
            "mesh": 49,
            "name": "Mesh"
        },
        {
            "mesh": 50,
            "name": "Mesh"
        },
        {
            "mesh": 51,
            "name": "Mesh"
        },
        {
            "mesh": 52,
            "name": "Mesh"
        },
        {
            "mesh": 53,
            "name": "Mesh"
        },
        {
            "mesh": 54,
            "name": "Mesh"
        },
        {
            "mesh": 55,
            "name": "Mesh"
        },
        {
            "mesh": 56,
            "name": "Mesh"
        },
        {
            "mesh": 57,
            "name": "Mesh"
        },
        {
            "mesh": 58,
            "name": "Mesh"
        },
        {
            "mesh": 59,
            "name": "Mesh"
        },
        {
            "mesh": 60,
            "name": "Mesh"
        },
        {
            "mesh": 61,
            "name": "Mesh"
        },
        {
            "mesh": 62,
            "name": "Mesh"
        },
        {
            "mesh": 63,
            "name": "Mesh"
        },
        {
            "mesh": 64,
            "name": "Mesh"
        },
        {
            "mesh": 65,
            "name": "Mesh"
        },
        {
            "mesh": 66,
            "name": "Mesh"
        },
        {
            "mesh": 67,
            "name": "Mesh"
        },
        {
            "mesh": 68,
            "name": "Mesh"
        },
        {
            "mesh": 69,
            "name": "Mesh"
        },
        {
            "mesh": 70,
            "name": "Mesh"
        },
        {
            "mesh": 71,
            "name": "Mesh"
        },
        {
            "mesh": 72,
            "name": "Mesh"
        },
        {
            "mesh": 73,
            "name": "Mesh"
        },
        {
            "mesh": 74,
            "name": "Mesh"
        },
        {
            "mesh": 75,
            "name": "Mesh"
        },
        {
            "children": [
                79
            ],
            "matrix": [
                -0.203994524,
                0.3952130358,
                -0.8956522151,
                0,
                0.228329591,
                -0.8704508801,
                -0.4360973093,
                0,
                -0.9519726005,
                -0.293465367,
                0.08732838212,
                0,
                33.74211708,
                82.17175876,
                -7.962178178,
                1
            ],
            "name": "Корпус Ra-1",
            "extras": {
                "Dtk_PrototypeID": 5
            }
        },
        {
            "mesh": 76,
            "name": "Mesh"
        },
        {
            "children": [
                81
            ],
            "matrix": [
                -0.228329591,
                0.8704508801,
                0.4360973093,
                0,
                -0.406222294,
                -0.4922533706,
                0.7698506784,
                0,
                0.884787571,
                -0.001372758829,
                0.4659925641,
                0,
                113.6233532,
                92.38301682,
                13.44239955,
                1
            ],
            "name": "Основание опор-1",
            "extras": {
                "Dtk_PrototypeID": 7
            }
        },
        {
            "mesh": 77,
            "name": "Mesh"
        },
        {
            "children": [
                83
            ],
            "matrix": [
                0.2402961192,
                -0.8554437819,
                -0.4587741396,
                0,
                -0.884787571,
                0.001372758829,
                -0.4659925641,
                0,
                0.3992602276,
                0.5178938613,
                -0.7565561572,
                0,
                116.825976,
                92.37804791,
                15.12913034,
                1
            ],
            "name": "Основание-1",
            "extras": {
                "Dtk_PrototypeID": 9
            }
        },
        {
            "mesh": 78,
            "name": "Mesh"
        },
        {
            "children": [
                85,
                86,
                87,
                88,
                89,
                90,
                91,
                92,
                93,
                94,
                95,
                96,
                97,
                98,
                99,
                100,
                101,
                102,
                103,
                104,
                105,
                106,
                107,
                108,
                109,
                110,
                111,
                112,
                113,
                114,
                115,
                116,
                117,
                118,
                119,
                120,
                121,
                122,
                123,
                124,
                125,
                126,
                127,
                128,
                129,
                130,
                131,
                132,
                133,
                134,
                135,
                136,
                137,
                138,
                139,
                140,
                141,
                142,
                143,
                144,
                145,
                146,
                147,
                148,
                149,
                150,
                151,
                152,
                153,
                154,
                155,
                156,
                157,
                158,
                159
            ],
            "matrix": [
                -0.9552164745,
                -0.2806776532,
                0.09370988118,
                0,
                0.203994524,
                -0.3952130358,
                0.8956522151,
                0,
                -0.2143541952,
                0.874658054,
                0.434770707,
                0,
                -72.54834237,
                78.59244134,
                -56.46886852,
                1
            ],
            "name": "LHT-17-120-2",
            "extras": {
                "Dtk_PrototypeID": 11
            }
        },
        {
            "mesh": 79,
            "name": "Mesh"
        },
        {
            "mesh": 80,
            "name": "Mesh"
        },
        {
            "mesh": 81,
            "name": "Mesh"
        },
        {
            "mesh": 82,
            "name": "Mesh"
        },
        {
            "mesh": 83,
            "name": "Mesh"
        },
        {
            "mesh": 84,
            "name": "Mesh"
        },
        {
            "mesh": 85,
            "name": "Mesh"
        },
        {
            "mesh": 86,
            "name": "Mesh"
        },
        {
            "mesh": 87,
            "name": "Mesh"
        },
        {
            "mesh": 88,
            "name": "Mesh"
        },
        {
            "mesh": 89,
            "name": "Mesh"
        },
        {
            "mesh": 90,
            "name": "Mesh"
        },
        {
            "mesh": 91,
            "name": "Mesh"
        },
        {
            "mesh": 92,
            "name": "Mesh"
        },
        {
            "mesh": 93,
            "name": "Mesh"
        },
        {
            "mesh": 94,
            "name": "Mesh"
        },
        {
            "mesh": 95,
            "name": "Mesh"
        },
        {
            "mesh": 96,
            "name": "Mesh"
        },
        {
            "mesh": 97,
            "name": "Mesh"
        },
        {
            "mesh": 98,
            "name": "Mesh"
        },
        {
            "mesh": 99,
            "name": "Mesh"
        },
        {
            "mesh": 100,
            "name": "Mesh"
        },
        {
            "mesh": 101,
            "name": "Mesh"
        },
        {
            "mesh": 102,
            "name": "Mesh"
        },
        {
            "mesh": 103,
            "name": "Mesh"
        },
        {
            "mesh": 104,
            "name": "Mesh"
        },
        {
            "mesh": 105,
            "name": "Mesh"
        },
        {
            "mesh": 106,
            "name": "Mesh"
        },
        {
            "mesh": 107,
            "name": "Mesh"
        },
        {
            "mesh": 108,
            "name": "Mesh"
        },
        {
            "mesh": 109,
            "name": "Mesh"
        },
        {
            "mesh": 110,
            "name": "Mesh"
        },
        {
            "mesh": 111,
            "name": "Mesh"
        },
        {
            "mesh": 112,
            "name": "Mesh"
        },
        {
            "mesh": 113,
            "name": "Mesh"
        },
        {
            "mesh": 114,
            "name": "Mesh"
        },
        {
            "mesh": 115,
            "name": "Mesh"
        },
        {
            "mesh": 116,
            "name": "Mesh"
        },
        {
            "mesh": 117,
            "name": "Mesh"
        },
        {
            "mesh": 118,
            "name": "Mesh"
        },
        {
            "mesh": 119,
            "name": "Mesh"
        },
        {
            "mesh": 120,
            "name": "Mesh"
        },
        {
            "mesh": 121,
            "name": "Mesh"
        },
        {
            "mesh": 122,
            "name": "Mesh"
        },
        {
            "mesh": 123,
            "name": "Mesh"
        },
        {
            "mesh": 124,
            "name": "Mesh"
        },
        {
            "mesh": 125,
            "name": "Mesh"
        },
        {
            "mesh": 126,
            "name": "Mesh"
        },
        {
            "mesh": 127,
            "name": "Mesh"
        },
        {
            "mesh": 128,
            "name": "Mesh"
        },
        {
            "mesh": 129,
            "name": "Mesh"
        },
        {
            "mesh": 130,
            "name": "Mesh"
        },
        {
            "mesh": 131,
            "name": "Mesh"
        },
        {
            "mesh": 132,
            "name": "Mesh"
        },
        {
            "mesh": 133,
            "name": "Mesh"
        },
        {
            "mesh": 134,
            "name": "Mesh"
        },
        {
            "mesh": 135,
            "name": "Mesh"
        },
        {
            "mesh": 136,
            "name": "Mesh"
        },
        {
            "mesh": 137,
            "name": "Mesh"
        },
        {
            "mesh": 138,
            "name": "Mesh"
        },
        {
            "mesh": 139,
            "name": "Mesh"
        },
        {
            "mesh": 140,
            "name": "Mesh"
        },
        {
            "mesh": 141,
            "name": "Mesh"
        },
        {
            "mesh": 142,
            "name": "Mesh"
        },
        {
            "mesh": 143,
            "name": "Mesh"
        },
        {
            "mesh": 144,
            "name": "Mesh"
        },
        {
            "mesh": 145,
            "name": "Mesh"
        },
        {
            "mesh": 146,
            "name": "Mesh"
        },
        {
            "mesh": 147,
            "name": "Mesh"
        },
        {
            "mesh": 148,
            "name": "Mesh"
        },
        {
            "mesh": 149,
            "name": "Mesh"
        },
        {
            "mesh": 150,
            "name": "Mesh"
        },
        {
            "mesh": 151,
            "name": "Mesh"
        },
        {
            "mesh": 152,
            "name": "Mesh"
        },
        {
            "mesh": 153,
            "name": "Mesh"
        },
        {
            "children": [
                161
            ],
            "matrix": [
                0.9711974694,
                0.1722985683,
                0.1645863872,
                0,
                0.06812542356,
                0.4611165457,
                -0.8847205536,
                0,
                -0.228329591,
                0.8704508801,
                0.4360973093,
                0,
                157.3009889,
                56.57372657,
                -53.49984183,
                1
            ],
            "name": "Толкатель AZ-1",
            "extras": {
                "Dtk_PrototypeID": 23
            }
        },
        {
            "mesh": 154,
            "name": "Mesh"
        },
        {
            "children": [
                163
            ],
            "matrix": [
                -0.8372648586,
                0.05303056042,
                -0.5442199153,
                0,
                0.496843189,
                0.4893904627,
                -0.7166894869,
                0,
                0.228329591,
                -0.8704508801,
                -0.4360973093,
                0,
                124.4215278,
                181.9186533,
                9.298170711,
                1
            ],
            "name": "Толкатель AZ-2",
            "extras": {
                "Dtk_PrototypeID": 23
            }
        },
        {
            "mesh": 155,
            "name": "Mesh"
        },
        {
            "children": [
                165
            ],
            "matrix": [
                -0.406222294,
                -0.4922533706,
                0.7698506784,
                0,
                -0.884787571,
                0.001372758829,
                -0.4659925641,
                0,
                0.228329591,
                -0.8704508801,
                -0.4360973093,
                0,
                551.3790732,
                188.8750118,
                -58.84097411,
                1
            ],
            "name": "Опора полярного корпуса МТ-90-1",
            "extras": {
                "Dtk_PrototypeID": 26
            }
        },
        {
            "mesh": 156,
            "name": "Mesh"
        },
        {
            "children": [
                167
            ],
            "matrix": [
                -0.406222294,
                -0.4922533706,
                0.7698506784,
                0,
                -0.884787571,
                0.001372758829,
                -0.4659925641,
                0,
                0.228329591,
                -0.8704508801,
                -0.4360973093,
                0,
                527.4044662,
                280.2723542,
                -13.05075663,
                1
            ],
            "name": "Опора полярного корпуса МТ-90-2",
            "extras": {
                "Dtk_PrototypeID": 28
            }
        },
        {
            "mesh": 157,
            "name": "Mesh"
        },
        {
            "matrix": [
                0.3056993134,
                -0.8949595376,
                0.3249543903,
                0,
                0.01720749092,
                -0.3360439024,
                -0.9416891196,
                0,
                0.9519726005,
                0.293465367,
                -0.08732838212,
                0,
                -55.77801,
                48.53975531,
                25.35417926,
                1
            ],
            "name": "NEMA17-1",
            "extras": {
                "Dtk_PrototypeID": 30
            }
        },
        {
            "children": [
                170,
                171
            ],
            "matrix": [
                0.2572352003,
                -0.611870062,
                0.7479606133,
                0,
                0.1660669133,
                -0.7345019439,
                -0.6579731565,
                0,
                0.9519726005,
                0.293465367,
                -0.08732838212,
                0,
                4.230966466,
                73.07433238,
                -5.254998332,
                1
            ],
            "name": "GT2 pulley 60 teeth width 11mm 8mm bore1-1",
            "extras": {
                "Dtk_PrototypeID": 32
            }
        },
        {
            "mesh": 158,
            "name": "Mesh"
        },
        {
            "mesh": 159,
            "name": "Mesh"
        },
        {
            "children": [
                173
            ],
            "matrix": [
                0.9519726005,
                0.293465367,
                -0.08732838212,
                0,
                -0.02298263454,
                -0.2159228569,
                -0.9761399072,
                0,
                -0.3053194499,
                0.9312654821,
                -0.1988080363,
                0,
                0.1866350427,
                37.56851988,
                7.114187667,
                1
            ],
            "name": "GT2_12T-1",
            "extras": {
                "Dtk_PrototypeID": 34
            }
        },
        {
            "mesh": 160,
            "name": "Mesh"
        },
        {
            "children": [
                175
            ],
            "matrix": [
                0.3057999998,
                -0.8970231225,
                0.3191173418,
                0,
                -0.01531430983,
                0.330495985,
                0.9436831438,
                0,
                -0.9519726005,
                -0.293465367,
                0.08732838212,
                0,
                7.086884268,
                73.95472848,
                -5.516983478,
                1
            ],
            "name": "Ремень GT2-200-1",
            "extras": {
                "Dtk_PrototypeID": 36
            }
        },
        {
            "mesh": 161,
            "name": "Mesh"
        },
        {
            "matrix": [
                0.9519726005,
                0.293465367,
                -0.08732838212,
                0,
                0.228329591,
                -0.8704508801,
                -0.4360973093,
                0,
                -0.203994524,
                0.3952130358,
                -0.8956522151,
                0,
                -59.44669306,
                81.32114617,
                23.8142523,
                1
            ],
            "name": "NEMA17-2",
            "extras": {
                "Dtk_PrototypeID": 38
            }
        },
        {
            "children": [
                178
            ],
            "matrix": [
                -0.9709476628,
                0.03522149276,
                0.2366856195,
                0,
                0.1250874502,
                0.9179139953,
                0.3765461818,
                0,
                -0.203994524,
                0.3952130358,
                -0.8956522151,
                0,
                -68.26445737,
                70.29296759,
                -37.660172,
                1
            ],
            "name": "GT2 pulley 60 teeth width 11mm 8mm bore1-2",
            "extras": {
                "Dtk_PrototypeID": 40
            }
        },
        {
            "mesh": 162,
            "name": "Mesh"
        },
        {
            "children": [
                180
            ],
            "matrix": [
                0.7689224006,
                0.6309452027,
                0.103278715,
                0,
                0.6059245629,
                -0.6676187591,
                -0.4325975226,
                0,
                -0.203994524,
                0.3952130358,
                -0.8956522151,
                0,
                -67.14248749,
                68.11929589,
                -32.73408482,
                1
            ],
            "name": "Ремень GT2-200-2",
            "extras": {
                "Dtk_PrototypeID": 42
            }
        },
        {
            "mesh": 163,
            "name": "Mesh"
        },
        {
            "children": [
                182
            ],
            "matrix": [
                0.9519726005,
                0.293465367,
                -0.08732838212,
                0,
                -0.01720749092,
                0.3360439024,
                0.9416891196,
                0,
                0.3056993134,
                -0.8949595376,
                0.3249543903,
                0,
                -86.89444514,
                17.79038595,
                -16.39477512,
                1
            ],
            "name": "Крышка-2",
            "extras": {
                "Dtk_PrototypeID": 44
            }
        },
        {
            "mesh": 164,
            "name": "Mesh"
        },
        {
            "children": [
                184
            ],
            "matrix": [
                -0.203994524,
                0.3952130358,
                -0.8956522151,
                0,
                -0.4395656218,
                -0.854457455,
                -0.2769197025,
                0,
                -0.8747389887,
                0.33720782,
                0.3480267057,
                0,
                -42.45808001,
                83.95784855,
                -22.60278791,
                1
            ],
            "name": "GT2_12T-2",
            "extras": {
                "Dtk_PrototypeID": 34
            }
        },
        {
            "mesh": 165,
            "name": "Mesh"
        },
        {
            "children": [
                186
            ],
            "matrix": [
                0.228329591,
                -0.8704508801,
                -0.4360973093,
                0,
                -0.203994524,
                0.3952130358,
                -0.8956522151,
                0,
                0.9519726005,
                0.293465367,
                -0.08732838212,
                0,
                58.49340469,
                89.8018583,
                -10.23271611,
                1
            ],
            "name": "Наклонное основание-1",
            "extras": {
                "Dtk_PrototypeID": 47
            }
        },
        {
            "mesh": 166,
            "name": "Mesh"
        },
        {
            "children": [
                188
            ],
            "matrix": [
                0.228329591,
                -0.8704508801,
                -0.4360973093,
                0,
                0.884787571,
                -0.001372758829,
                0.4659925641,
                0,
                -0.406222294,
                -0.4922533706,
                0.7698506784,
                0,
                76.54209108,
                154.5599791,
                -21.11953868,
                1
            ],
            "name": "Планка-1",
            "extras": {
                "Dtk_PrototypeID": 49
            }
        },
        {
            "mesh": 167,
            "name": "Mesh"
        },
        {
            "children": [
                190
            ],
            "matrix": [
                0.228329591,
                -0.8704508801,
                -0.4360973093,
                0,
                -0.406222294,
                -0.4922533706,
                0.7698506784,
                0,
                -0.884787571,
                0.001372758829,
                -0.4659925641,
                0,
                113.4478689,
                122.2483681,
                -46.22322166,
                1
            ],
            "name": "Винт широты-2",
            "extras": {
                "Dtk_PrototypeID": 51
            }
        },
        {
            "mesh": 168,
            "name": "Mesh"
        },
        {
            "children": [
                192
            ],
            "matrix": [
                0.8793840883,
                -0.007828285474,
                0.4760486772,
                0,
                0.4177908843,
                0.4921930346,
                -0.7636732244,
                0,
                -0.228329591,
                0.8704508801,
                0.4360973093,
                0,
                97.780365,
                86.05569645,
                -16.58169942,
                1
            ],
            "name": "Гильза-1",
            "extras": {
                "Dtk_PrototypeID": 53
            }
        },
        {
            "mesh": 169,
            "name": "Mesh"
        },
        {
            "children": [
                194
            ],
            "matrix": [
                0.9272059508,
                0.3310205003,
                -0.1752556795,
                0,
                0.2969086099,
                -0.3643359627,
                0.8826690114,
                0,
                0.228329591,
                -0.8704508801,
                -0.4360973093,
                0,
                100.6801508,
                75.00097027,
                -22.12013524,
                1
            ],
            "name": "hex nut style 1_am-1",
            "extras": {
                "Dtk_PrototypeID": 55
            }
        },
        {
            "mesh": 170,
            "name": "Mesh"
        },
        {
            "children": [
                196
            ],
            "matrix": [
                0.228329591,
                -0.8704508801,
                -0.4360973093,
                0,
                -0.7211457205,
                0.1497184527,
                -0.6764120303,
                0,
                0.6540752615,
                0.4689345906,
                -0.593536774,
                0,
                87.84802779,
                123.9203097,
                2.388533538,
                1
            ],
            "name": "socket head cap screw_am-105",
            "extras": {
                "Dtk_PrototypeID": 57
            }
        },
        {
            "mesh": 171,
            "name": "Mesh"
        },
        {
            "children": [
                198
            ],
            "matrix": [
                0.406222294,
                0.4922533706,
                -0.7698506784,
                0,
                0.228329591,
                -0.8704508801,
                -0.4360973093,
                0,
                -0.884787571,
                0.001372758829,
                -0.4659925641,
                0,
                48.56466331,
                151.1885358,
                19.11597928,
                1
            ],
            "name": "Винт широты-3",
            "extras": {
                "Dtk_PrototypeID": 59
            }
        },
        {
            "mesh": 172,
            "name": "Mesh"
        },
        {
            "children": [
                200
            ],
            "matrix": [
                0.228329591,
                -0.8704508801,
                -0.4360973093,
                0,
                0.9519726005,
                0.293465367,
                -0.08732838212,
                0,
                0.203994524,
                -0.3952130358,
                0.8956522151,
                0,
                -95.65338946,
                30.3389585,
                -69.70738025,
                1
            ],
            "name": "КорпусDec-1",
            "extras": {
                "Dtk_PrototypeID": 61
            }
        },
        {
            "mesh": 173,
            "name": "Mesh"
        },
        {
            "matrix": [
                0.203994524,
                -0.3952130358,
                0.8956522151,
                0,
                0.228329591,
                -0.8704508801,
                -0.4360973093,
                0,
                0.9519726005,
                0.293465367,
                -0.08732838212,
                0,
                -182.6022855,
                113.2682106,
                -10.09910388,
                1
            ],
            "name": "Онстеп плата-1",
            "extras": {
                "Dtk_PrototypeID": 63
            }
        },
        {
            "children": [
                203
            ],
            "matrix": [
                0.203994524,
                -0.3952130358,
                0.8956522151,
                0,
                -0.9519726005,
                -0.293465367,
                0.08732838212,
                0,
                0.228329591,
                -0.8704508801,
                -0.4360973093,
                0,
                -5.859617444,
                87.38145242,
                55.78458832,
                1
            ],
            "name": "Кронштейн Dec-1",
            "extras": {
                "Dtk_PrototypeID": 65
            }
        },
        {
            "mesh": 174,
            "name": "Mesh"
        },
        {
            "children": [
                205
            ],
            "matrix": [
                -0.2431863707,
                -0.484722757,
                0.8401810745,
                0,
                -0.228329591,
                0.8704508801,
                0.4360973093,
                0,
                -0.9427226458,
                -0.0857852792,
                -0.3223583393,
                0,
                79.73165249,
                32.37199066,
                -40.41130344,
                1
            ],
            "name": "Винт широты-4",
            "extras": {
                "Dtk_PrototypeID": 59
            }
        },
        {
            "mesh": 175,
            "name": "Mesh"
        },
        {
            "children": [
                207
            ],
            "matrix": [
                0.9749181189,
                0.1651856818,
                -0.1491588148,
                0,
                -0.08899941377,
                0.9036151542,
                0.418997324,
                0,
                0.203994524,
                -0.3952130358,
                0.8956522151,
                0,
                -45.86255552,
                67.9674382,
                -56.62841051,
                1
            ],
            "name": "Стойка латунь-1",
            "extras": {
                "Dtk_PrototypeID": 68
            }
        },
        {
            "mesh": 176,
            "name": "Mesh"
        },
        {
            "children": [
                209
            ],
            "matrix": [
                0.01720749092,
                -0.3360439024,
                -0.9416891196,
                0,
                -0.3056993134,
                0.8949595376,
                -0.3249543903,
                0,
                0.9519726005,
                0.293465367,
                -0.08732838212,
                0,
                2.770263324,
                24.76014295,
                34.03244997,
                1
            ],
            "name": "Кронштейн Ra-1",
            "extras": {
                "Dtk_PrototypeID": 70
            }
        },
        {
            "mesh": 177,
            "name": "Mesh"
        },
        {
            "children": [
                211
            ],
            "matrix": [
                -0.1132458989,
                0.6024648701,
                0.7900705327,
                0,
                -0.2844706213,
                0.7422359184,
                -0.6067637984,
                0,
                -0.9519726005,
                -0.293465367,
                0.08732838212,
                0,
                21.57706507,
                48.92935365,
                -23.2640855,
                1
            ],
            "name": "Стойка латунь-3",
            "extras": {
                "Dtk_PrototypeID": 72
            }
        },
        {
            "mesh": 178,
            "name": "Mesh"
        },
        {
            "children": [
                213
            ],
            "matrix": [
                -0.228329591,
                0.8704508801,
                0.4360973093,
                0,
                -0.203994524,
                0.3952130358,
                -0.8956522151,
                0,
                -0.9519726005,
                -0.293465367,
                0.08732838212,
                0,
                -89.94058683,
                32.09787721,
                -70.22710474,
                1
            ],
            "name": "Корпус онстеп-1",
            "extras": {
                "Dtk_PrototypeID": 82
            }
        },
        {
            "mesh": 179,
            "name": "Mesh"
        },
        {
            "children": [
                215
            ],
            "matrix": [
                -0.1889082322,
                0.8818042362,
                0.4321284172,
                0,
                -0.960572701,
                -0.2573479074,
                0.1052242395,
                0,
